76
85
74
50
35
16
97
85
7
6
47
52
85
92
17
0
11
24
36
99
41
89
3
90
94
44
52
83
27
66
8
54
45
85
93
28
56
44
26
41
61
92
3
75
85
89
55
66
72
50
85
79
64
51
67
1
3
68
1
60
6
3
29
28
40
51
82
40
100
80
24
40
67
63
68
62
87
73
64
63
51
2
46
29
49
17
75
63
80
20
35
66
51
85
23
48
6
16
93
5
54
31
52
99
85
74
76
24
25
19
72
56
57
35
62
93
26
12
19
92
22
63
96
36
54
12
80
70
91
37
77
63
71
55
90
11
74
33
36
3
2
80
81
71
43
45
17
0
33
40
66
32
96
24
92
75
22
61
62
20
39
49
21
48
86
83
22
56
94
34
77
65
46
67
85
5
9
32
60
4
1
52
35
2
64
60
20
100
15
65
58
11
25
90
45
50
58
9
3
29
74
42
28
13
45
12
9
60
15
89
92
27
48
55
82
44
87
31
12
62
77
15
94
67
2
31
44
67
79
80
82
16
77
71
26
50
81
63
5
90
96
1
12
34
46
38
6
88
72
50
42
55
98
68
98
17
96
24
55
58
83
2
96
61
83
23
50
5
88
12
69
54
73
65
2
35
2
85
70
67
71
29
52
44
6
4
39
3
63
2
24
26
62
28
51
5
71
69
4
18
48
41
66
41
96
27
68
43
50
33
37
57
94
92
49
44
30
98
0
4
38
58
76
34
19
56
22
39
52
54
60
51
49
62
45
73
91
81
72
16
62
27
21
88
52
46
41
68
19
29
71
94
15
29
75
16
0
34
12
5
0
21
2
4
7
7
42
99
76
21
77
53
5
22
72
92
22
4
71
47
88
9
63
18
25
43
89
74
24
5
42
45
100
42
51
4
69
8
49
29
69
97
47
0
14
28
89
80
84
2
85
90
83
75
59
53
99
97
77
84
27
75
21
34
14
12
42
10
5
60
0
2
39
33
25
27
41
48
56
8
78
11
84
15
13
22
18
62
0
2
1
76
3
52
42
86
39
29
95
81
73
57
58
56
35
19
68
11
61
0
32
41
19
31
95
86
71
96
50
52
76
40
71
3
42
26
48
60
97
86
100
15
63
63
71
6
94
26
44
64
11
99
25
24
33
40
82
24
13
16
100
17
89
22
26
7
18
74
100
35
76
72
29
2
19
42
36
64
8
30
65
48
50
83
28
98
51
0
40
10
47
74
51
67
56
28
50
2
44
44
99
30
68
27
99
65
73
27
29
16
7
31
63
98
1
24
97
12
33
19
84
35
40
85
24
46
21
32
68
49
57
81
10
81
52
25
10
58
62
11
27
94
39
92
50
2
36
48
50
91
84
59
18
80
42
45
77
79
71
31
76
57
97
74
4
14
19
88
91
47
9
47
57
55
48
19
99
40
11
25
56
27
37
95
9
75
3
72
82
89
2
14
29
66
76
12
33
33
92
25
8
63
70
63
38
92
6
83
62
95
85
21
50
76
75
50
11
93
53
65
80
97
31
40
2
88
86
21
76
95
71
12
92
78
4
34
86
37
18
45
67
18
29
78
76
66
89
67
71
96
11
70
90
56
9
24
77
86
82
65
91
45
35
100
97
15
55
79
96
19
89
37
77
6
84
91
12
2
0
81
59
79
27
27
89
68
64
40
47
8
22
39
84
76
55
28
27
42
42
91
6
83
28
75
96
74
89
85
19
62
85
54
69
15
55
58
0
83
76
24
23
49
96
62
91
48
19
14
38
58
81
56
43
99
90
86
14
30
72
98
74
37
96
90
67
24
84
31
19
69
65
63
25
37
30
55
34
47
72
97
35
28
18
30
93
69
53
70
18
74
39
56
54
79
84
81
47
28
93
9
63
92
70
49
75
48
49
37
80
31
44
78
29
52
93
55
27
40
40
72
49
73
41
64
65
25
5
46
74
15
80
69
42
43
25
67
17
46
29
11
37
32
26
87
16
50
39
29
68
19
86
100
21
61
28
57
56
2
32
70
63
31
35
94
5
32
76
47
95
24
29
19
90
93
34
8
75
82
80
65
92
93
79
97
72
23
11
20
3
51
57
32
20
1
89
25
58
41
44
100
69
34
56
74
11
74
20
36
2
28
62
30
48
30
67
8
7
56
80
82
8
55
23
83
62
44
86
76
33
45
5
11
37
52
36
29
25
4
54
5
85
4
53
28
98
45
21
46
2
84
30
43
58
65
45
28
0
29
79
57
38
28
30
9
26
31
48
91
3
92
26
90
73
78
63
28
54
64
86
56
80
95
43
73
85
13
100
32
57
100
51
22
34
49
47
14
67
77
56
1
58
41
61
81
64
75
67
28
92
35
45
28
87
21
100
28
59
31
62
78
21
14
59
49
31
82
85
51
22
15
17
62
61
13
13
98
3
61
1
92
66
87
45
94
98
36
26
74
81
15
37
74
44
21
54
37
73
19
5
11
37
55
62
29
42
100
16
47
21
87
3
50
85
15
93
19
9
93
71
11
14
57
48
62
83
98
27
34
8
97
86
36
21
28
31
86
91
95
6
79
63
74
39
29
27
49
2
12
57
1
18
65
76
44
68
58
40
6
69
13
7
79
100
89
53
65
80
26
35
16
68
37
99
66
36
95
46
6
55
33
74
99
42
38
37
59
28
83
65
92
80
92
11
30
92
24
91
13
91
99
58
58
81
97
79
13
58
61
70
3
84
87
87
84
19
75
39
85
49
16
12
53
48
76
77
54
31
41
44
70
85
23
50
34
52
0
51
32
55
90
14
4
44
81
34
62
4
60
95
63
99
94
3
20
37
50
33
22
19
25
53
19
64
9
10
95
80
94
78
2
21
19
67
81
20
87
83
16
13
25
24
2
15
29
70
81
65
95
65
49
24
36
5
7
23
72
6
98
69
49
32
78
11
22
99
15
60
60
18
6
67
51
93
72
13
86
79
91
33
44
97
40
88
22
9
91
24
21
91
39
64
34
61
87
25
19
50
74
43
30
68
61
58
46
2
28
51
47
45
37
65
91
48
85
30
55
65
88
46
24
85
57
6
100
50
56
2
27
80
33
8
68
34
51
28
11
71
44
31
2
65
76
78
36
56
13
79
33
22
43
13
4
82
91
92
97
52
64
89
20
30
51
35
31
90
67
27
73
0
24
38
98
37
0
38
8
43
28
5
7
57
39
0
86
94
13
91
56
43
8
73
54
13
77
56
85
1
61
41
71
17
67
74
48
5
9
15
52
71
27
40
38
90
70
86
75
77
22
53
86
13
31
76
57
47
85
79
82
22
97
56
90
1
34
66
97
73
31
74
3
20
1
27
49
4
24
70
53
60
55
4
24
1
15
75
97
17
57
16
55
36
1
18
1
37
26
86
8
33
91
63
76
54
99
10
97
6
83
47
71
44
29
98
18
98
79
82
82
12
67
30
21
91
54
71
3
51
50
79
36
4
33
63
15
79
16
5
52
70
22
71
89
53
83
38
65
63
51
84
91
89
38
27
33
32
18
25
33
32
66
63
93
12
32
22
98
89
0
37
16
78
75
16
24
44
52
100
53
64
5
31
45
79
88
77
2
59
51
32
100
51
74
91
41
69
94
91
9
87
86
91
95
2
7
21
35
34
2
16
24
49
7
19
85
68
4
50
76
86
15
86
64
49
16
10
90
83
33
33
26
57
56
93
10
95
20
58
3
64
60
28
4
25
87
87
78
6
84
57
60
31
16
44
46
98
36
26
4
63
79
92
92
50
73
96
72
23
52
61
2
42
29
23
83
15
37
5
20
22
77
1
47
58
6
80
43
48
4
36
88
8
67
34
19
42
72
99
13
3
96
98
89
17
32
5
44
15
28
17
66
65
18
83
41
28
99
5
22
30
98
98
3
14
99
89
51
40
68
96
1
42
21
37
2
73
95
68
94
30
13
4
18
71
87
86
34
82
11
43
87
87
20
32
99
6
68
74
32
47
50
7
55
85
20
31
98
68
19
23
69
75
59
70
30
2
94
3
5
13
25
66
93
11
60
23
54
16
20
76
62
2
98
16
76
86
100
37
66
67
80
69
54
53
5
0
54
70
66
78
7
8
40
26
35
39
62
67
68
42
46
54
22
90
77
37
73
29
48
53
6
38
85
74
80
68
27
38
32
85
34
22
67
22
61
7
62
18
10
15
61
55
39
77
99
40
82
69
5
15
93
84
91
6
43
97
67
75
89
71
94
24
60
29
93
76
76
33
17
70
57
9
53
87
30
96
99
20
20
10
48
25
86
53
65
25
36
91
50
66
35
43
88
51
4
18
35
59
98
28
95
31
18
96
79
100
23
67
20
4
63
71
55
16
12
52
97
66
27
41
79
75
71
95
8
46
48
71
71
51
6
35
1
100
53
87
83
79
52
46
45
14
3
74
68
60
54
44
97
4
79
94
86
60
26
51
90
100
81
72
9
92
30
40
44
93
52
47
86
47
91
90
22
87
7
24
43
9
81
91
94
41
98
77
34
24
48
89
75
15
0
36
52
69
1
11
46
45
10
64
13
93
40
78
40
26
66
57
85
32
40
43
79
91
56
71
53
29
27
62
54
66
96
58
34
83
67
89
74
33
43
30
51
75
30
8
73
86
86
70
24
94
35
76
78
19
18
46
1
66
67
81
85
28
48
75
34
46
13
41
77
63
70
25
94
30
2
35
58
16
24
35
86
8
77
57
67
93
25
97
63
47
91
53
48
52
93
87
37
16
96
94
74
73
65
90
49
13
28
26
65
99
98
92
59
20
3
81
70
5
58
20
36
36
69
18
81
45
29
70
27
24
92
34
22
62
73
83
55
59
61
85
21
88
49
20
0
77
66
31
72
44
26
1
78
22
32
30
78
25
91
38
87
25
4
44
24
36
75
69
9
72
21
64
85
10
48
62
93
15
57
15
41
2
29
19
18
40
67
41
98
84
1
34
8
13
88
48
2
82
11
68
14
17
67
100
62
92
36
44
87
62
9
0
55
68
39
92
70
54
44
41
88
78
66
39
99
53
68
44
86
51
30
47
18
75
2
25
21
59
85
21
18
94
18
9
92
14
2
65
70
3
36
95
23
66
87
21
95
74
95
71
65
13
34
96
54
93
5
16
26
62
31
36
53
58
78
15
35
0
4
57
17
77
60
28
21
91
32
53
38
71
8
64
93
54
72
62
59
33
71
83
70
98
95
30
25
61
6
93
35
55
99
27
13
62
32
80
54
29
75
5
77
63
20
9
8
22
89
56
99
73
80
97
4
17
15
11
30
47
16
100
78
54
95
43
57
78
84
2
57
22
93
86
52
64
17
24
30
27
24
7
76
56
72
72
68
26
68
96
21
97
72
32
78
66
41
83
97
42
35
67
100
94
70
53
71
73
92
32
85
21
9
62
3
33
57
39
69
16
43
81
74
34
6
17
93
71
79
65
35
37
20
11
48
70
96
96
44
88
24
74
29
45
5
93
48
53
62
67
50
48
53
41
58
66
9
42
28
50
74
15
17
32
56
21
35
99
37
85
80
76
33
54
14
37
89
59
63
57
88
29
92
6
30
95
26
57
57
31
49
35
49
28
78
32
5
9
12
85
19
9
60
45
77
8
19
4
54
65
38
98
80
66
83
33
28
31
48
21
38
36
63
50
19
70
13
58
43
85
12
35
80
60
49
19
83
15
32
26
23
4
2
10
76
71
61
15
71
100
45
98
51
97
78
27
10
84
91
69
39
100
61
33
56
38
94
40
57
73
4
45
31
86
62
36
64
63
23
28
84
57
78
27
83
76
73
91
22
58
87
60
1
69
52
21
54
6
56
50
53
93
95
2
86
76
95
99
45
23
84
57
41
46
1
58
79
56
84
97
22
60
35
70
33
87
60
77
35
61
56
80
73
70
3
30
15
5
75
69
98
63
7
63
64
51
9
14
100
14
61
44
23
50
49
90
31
53
28
49
13
0
66
27
8
56
85
95
68
64
0
50
90
14
63
35
51
56
92
45
49
5
91
98
90
85
30
1
1
41
4
5
69
54
47
37
26
93
52
23
37
24
52
8
50
11
43
48
33
24
97
15
58
60
75
19
43
46
81
36
86
51
13
10
95
47
86
70
7
13
14
57
62
2
58
79
11
10
69
26
26
66
48
57
55
27
32
71
26
46
88
95
8
4
75
18
7
52
0
69
20
30
32
92
95
49
43
68
13
59
12
98
41
57
91
51
87
45
40
97
69
80
0
27
82
79
20
11
78
60
15
70
17
2
98
47
71
15
25
2
76
95
17
89
92
39
29
0
100
27
29
17
7
29
48
91
75
18
77
44
25
81
59
48
33
39
40
52
80
51
100
96
16
93
13
58
18
67
44
51
20
7
21
5
77
11
63
84
84
6
93
59
74
22
65
46
92
74
33
39
2
25
20
15
100
49
6
72
84
62
39
45
24
76
17
6
66
41
55
26
42
52
51
48
15
29
63
98
32
62
6
96
7
93
68
15
100
19
30
7
88
0
99
28
12
59
59
66
33
51
46
60
16
31
50
66
86
13
86
29
98
94
46
17
81
45
91
93
8
58
29
82
40
58
71
35
42
18
16
31
8
61
66
92
42
11
81
89
63
37
54
42
59
52
75
0
17
43
70
69
61
86
87
26
86
11
92
36
86
36
9
24
81
9
36
18
66
4
85
54
3
52
12
75
77
50
9
75
64
25
88
23
93
94
42
9
80
7
91
59
21
52
38
34
71
12
70
85
90
5
5
90
47
71
34
30
15
27
20
86
96
13
77
52
35
93
17
60
98
0
38
58
34
38
23
60
51
79
38
68
22
42
53
92
23
30
39
72
89
42
28
83
98
29
86
50
41
48
67
32
64
28
26
60
17
25
1
78
92
76
11
38
98
18
14
46
19
17
81
24
38
80
95
6
23
18
85
65
78
77
58
6
44
82
77
74
68
48
61
81
44
23
0
41
90
55
35
69
42
33
67
71
50
31
77
87
30
45
8
1
46
90
83
53
65
12
47
38
2
99
87
15
39
94
21
37
81
68
50
35
34
69
75
77
62
87
54
82
77
1
50
87
97
83
96
82
94
71
100
7
5
43
8
20
12
66
37
49
97
33
42
0
21
5
34
12
71
68
23
49
44
45
5
82
91
19
2
20
81
13
49
43
93
8
94
34
49
79
70
42
3
62
23
86
60
97
95
58
30
63
45
25
80
93
70
55
7
42
70
66
2
96
14
13
59
20
19
58
56
18
2
99
97
26
51
11
81
44
48
66
66
35
8
83
97
49
38
45
37
100
4
42
91
80
50
83
75
46
88
24
85
17
22
35
37
13
93
40
76
68
62
53
69
20
91
82
86
75
11
70
89
45
24
59
25
93
94
84
6
29
50
89
41
31
37
22
34
1
51
35
26
61
38
46
97
99
67
6
32
53
67
12
42
0
17
78
35
85
45
99
80
29
92
60
36
60
0
100
98
73
27
100
30
46
28
36
8
62
42
18
97
87
50
85
5
28
58
44
2
35
34
43
44
82
64
86
19
46
39
39
86
29
60
43
40
74
54
17
96
25
38
95
95
82
64
54
91
43
66
15
62
18
49
76
21
51
55
28
83
17
28
3
58
100
41
77
29
5
71
85
25
53
75
49
6
13
84
6
2
82
50
30
3
51
45
83
52
16
87
100
16
20
39
94
80
33
84
19
81
16
2
34
64
66
49
39
74
73
92
20
20
58
46
21
0
84
90
11
69
80
86
52
61
53
78
65
14
23
58
37
60
44
11
0
67
88
15
100
60
2
4
36
1
47
50
56
0
37
53
75
58
8
22
61
86
60
88
56
83
16
16
78
38
77
58
3
33
31
50
43
11
86
82
96
67
14
39
99
71
88
68
89
80
88
84
76
2
3
67
44
12
61
66
6
77
21
68
9
22
56
78
24
67
50
44
61
57
73
35
39
3
14
32
34
70
85
53
52
68
53
46
80
57
20
69
48
69
63
47
12
13
98
95
51
45
62
55
40
69
20
50
34
90
15
75
88
14
40
28
69
92
82
23
97
71
83
29
35
52
83
66
34
9
28
96
13
85
32
58
82
47
40
43
34
31
38
29
64
17
15
37
83
88
21
27
86
21
47
25
36
29
53
16
61
38
19
5
45
64
72
45
6
91
95
38
22
55
53
94
29
15
62
98
31
92
50
47
52
90
57
17
64
79
72
73
43
72
34
95
37
78
52
1
85
46
83
85
44
55
63
72
2
98
60
7
69
14
50
82
2
64
83
1
30
44
19
19
32
68
95
25
21
88
39
66
10
62
59
73
14
37
23
57
64
64
48
95
88
95
43
95
16
66
95
35
99
55
73
99
37
100
86
81
3
80
60
56
98
85
91
21
53
98
50
53
8
82
98
68
86
54
63
77
94
75
64
66
8
89
4
1
8
22
83
90
83
70
0
55
30
51
18
10
43
57
72
31
8
64
25
92
3
86
8
7
55
1
80
100
98
8
66
55
44
49
87
74
50
61
82
98
66
67
11
25
71
2
34
42
13
93
63
71
24
2
67
90
83
45
47
53
18
6
19
30
81
11
82
96
29
87
57
53
80
0
17
26
71
90
26
41
43
42
89
27
86
57
95
12
82
55
22
14
69
96
99
47
55
49
26
97
61
84
3
96
93
90
27
87
55
50
2
47
20
21
40
71
12
49
71
71
2
69
22
9
49
77
44
79
31
65
37
44
90
71
41
51
30
30
97
59
24
68
1
19
51
82
80
30
32
78
68
9
63
12
56
27
41
67
95
87
96
73
34
46
34
66
41
94
48
87
62
50
53
99
18
38
47
72
49
52
45
62
76
35
2
98
97
7
62
14
99
71
38
3
10
64
23
5
80
90
66
49
94
96
61
94
61
97
1
75
24
90
62
18
11
75
72
77
74
70
16
82
68
63
60
57
67
22
48
85
13
86
85
23
62
68
67
72
41
46
16
34
48
52
68
82
79
87
72
5
3
27
15
97
59
47
2
98
43
61
69
54
35
17
86
26
51
51
52
37
72
86
82
33
66
62
33
67
45
22
78
18
82
37
90
82
44
9
96
20
54
73
43
8
50
47
74
78
26
17
64
65
30
73
41
75
35
81
84
52
98
77
64
31
96
99
49
29
24
49
81
47
63
43
62
96
11
71
59
49
57
94
40
73
17
36
72
56
97
70
62
1
15
27
28
71
75
74
12
47
93
66
59
59
97
97
29
57
63
49
24
60
27
81
19
90
5
30
15
10
36
4
72
56
42
95
0
29
31
31
96
59
42
93
98
9
4
34
20
71
12
97
36
25
72
63
15
43
98
38
56
43
9
84
62
62
23
16
7
4
4
41
18
98
42
12
67
37
92
21
37
34
89
36
21
80
77
9
37
48
10
87
85
73
100
36
47
80
37
55
50
81
30
86
33
27
18
5
53
41
23
26
69
54
38
27
47
65
69
51
57
43
64
3
68
14
18
97
54
26
11
1
50
78
10
31
27
85
46
93
33
58
76
69
35
41
50
14
20
91
8
87
71
69
71
89
8
8
57
59
73
96
68
64
0
54
60
44
84
74
25
33
39
41
39
59
72
76
66
24
7
16
9
77
44
26
25
20
94
37
82
42
99
10
13
0
58
75
34
93
54
38
27
96
5
36
40
17
67
50
49
98
18
29
41
54
37
41
8
13
100
29
36
42
4
80
99
64
53
45
67
54
54
11
17
22
76
12
68
88
71
85
100
64
15
63
93
96
42
20
4
39
67
83
46
10
5
30
60
95
34
93
15
83
78
47
37
24
97
51
13
20
92
13
75
22
48
52
92
47
46
32
89
43
28
11
60
71
91
3
6
61
91
20
59
57
88
47
67
31
88
95
13
6
15
19
36
55
64
17
38
23
21
62
47
52
82
35
98
19
25
42
58
75
40
1
40
47
33
44
46
28
59
48
18
1
89
92
10
64
71
38
59
69
25
59
19
3
80
19
83
92
88
34
55
88
19
57
25
66
4
59
33
50
19
7
44
45
28
13
4
71
95
83
91
26
38
96
23
26
67
39
88
58
30
62
53
4
74
57
29
90
93
28
9
82
66
39
43
50
80
51
92
80
22
32
44
94
69
5
44
1
89
63
7
75
87
49
42
15
31
40
20
25
63
55
40
9
62
1
28
90
34
61
31
17
70
44
93
69
69
22
74
84
6
20
24
63
96
18
2
91
1
98
81
91
38
85
41
93
99
57
100
89
11
5
61
80
76
67
51
39
83
68
64
92
79
70
80
62
64
5
79
18
36
87
9
30
15
82
57
32
50
91
62
88
1
70
94
54
6
99
99
37
91
75
35
8
54
32
71
12
29
65
39
5
8
52
64
48
42
84
0
71
99
81
6
56
91
59
95
43
74
48
83
12
1
53
47
52
87
23
46
88
3
57
78
40
40
44
19
92
11
100
66
16
63
50
8
10
46
43
62
0
92
100
40
99
69
11
74
70
65
52
76
82
35
94
1
57
18
73
3
6
66
80
41
12
38
86
66
9
69
24
70
12
47
21
75
27
22
54
27
91
45
43
32
17
54
95
78
47
59
74
30
49
36
65
5
13
33
5
100
2
61
78
28
0
29
31
0
90
13
69
92
43
9
55
67
84
61
11
56
52
66
14
61
55
7
44
55
90
39
94
85
94
60
12
79
19
94
40
7
32
69
16
57
71
83
79
16
64
26
73
46
23
5
90
19
30
80
94
11
33
43
53
34
63
45
54
51
75
58
98
14
83
77
96
67
3
89
55
60
64
49
47
74
81
25
44
2
66
4
99
16
53
76
37
80
13
64
44
51
44
98
53
14
95
43
76
4
67
39
24
92
5
48
42
22
39
25
33
78
39
85
5
73
32
38
33
11
1
60
71
97
64
91
37
72
32
42
93
69
85
48
9
64
67
39
10
96
55
97
92
21
95
53
52
28
27
25
29
64
2
72
99
9
98
92
5
29
72
85
85
62
28
85
8
37
60
24
4
66
80
67
13
22
61
73
12
32
14
55
39
95
64
86
35
33
96
49
72
28
71
30
47
90
43
54
78
48
46
64
3
33
16
86
80
13
44
15
35
71
36
23
53
38
48
43
8
54
83
41
70
32
63
9
4
44
43
30
61
67
37
2
68
46
2
43
64
3
87
88
47
24
17
31
8
58
36
63
57
20
89
68
99
17
6
40
42
67
7
77
31
42
16
38
99
75
80
9
66
45
21
90
61
37
3
75
9
6
42
12
33
10
35
25
42
15
56
69
66
67
55
96
23
56
53
11
30
