43
13
97
87
76
33
49
57
92
47
59
32
64
100
55
71
47
41
37
89
7
32
87
30
11
54
69
96
99
33
16
53
44
98
7
38
98
60
86
52
46
82
73
93
11
2
1
38
4
75
19
64
58
18
96
2
68
80
66
14
40
72
98
45
77
74
72
80
39
48
76
76
13
73
44
76
33
71
33
34
99
86
63
100
97
4
34
57
2
76
0
98
72
29
60
56
59
28
79
99
30
100
55
34
55
96
14
36
88
89
21
40
84
46
15
46
63
2
80
40
65
92
38
92
12
34
78
19
36
78
56
47
16
31
71
33
54
13
1
27
23
71
100
13
98
87
7
27
76
1
4
75
45
69
22
2
57
67
37
3
30
17
83
55
43
74
47
6
26
91
32
100
62
49
5
84
82
87
91
25
76
58
85
72
50
79
5
89
39
17
25
96
7
0
48
7
78
52
4
50
25
12
97
91
13
97
18
30
30
37
83
97
25
79
67
18
63
24
58
29
5
6
24
93
7
31
68
20
14
41
46
82
8
98
20
21
30
4
62
29
42
63
71
3
9
26
56
17
63
69
57
34
14
40
77
5
1
77
32
76
86
97
81
62
12
37
32
94
38
29
88
89
63
2
64
87
46
69
96
75
2
87
72
30
55
92
81
6
39
5
84
26
68
54
17
7
5
3
16
32
81
92
39
28
4
46
46
55
95
67
8
83
47
20
40
86
48
31
89
18
47
27
56
16
58
71
71
87
79
67
28
52
19
90
87
5
4
28
52
63
56
11
17
7
20
81
95
46
12
73
24
86
39
95
76
17
0
32
15
25
94
56
33
65
12
8
61
89
27
8
100
63
6
25
50
2
59
46
81
77
60
40
86
21
18
64
20
43
10
30
50
77
93
11
39
21
67
58
66
86
17
36
65
2
92
34
38
67
38
3
18
90
39
77
24
38
67
16
70
2
19
16
58
92
43
39
51
51
99
8
75
17
83
17
60
90
97
16
56
61
10
95
63
45
52
50
55
93
67
62
43
57
85
49
15
63
14
33
34
61
24
59
37
16
64
18
27
32
52
28
56
88
83
58
92
85
93
68
97
17
7
18
12
36
69
100
1
91
53
58
75
95
18
62
88
89
28
47
57
42
47
79
48
17
30
69
61
8
88
86
63
66
68
14
30
14
87
4
77
49
93
46
84
65
2
84
88
54
81
82
79
90
38
80
3
12
31
57
20
98
17
0
33
89
21
2
3
52
73
88
28
80
89
1
3
99
79
91
6
95
16
46
67
87
90
65
89
70
42
94
50
50
40
64
66
100
11
81
51
19
51
70
33
65
20
72
19
55
0
22
10
98
47
25
17
41
97
12
51
70
45
43
1
9
4
54
90
4
87
78
91
23
22
24
57
15
16
33
23
43
20
23
68
37
33
19
19
60
57
11
29
85
51
82
27
95
64
68
91
33
89
63
18
9
0
9
49
14
11
87
82
6
66
9
46
85
48
82
71
95
20
25
48
65
35
3
63
55
10
46
90
36
1
94
88
32
64
19
59
59
5
41
77
57
50
92
95
98
93
4
9
98
100
14
89
20
43
50
97
2
56
76
90
100
70
76
46
98
3
81
56
47
69
52
83
88
77
14
59
37
77
97
45
59
32
61
22
90
99
49
77
68
6
7
40
21
76
56
78
35
100
21
60
0
35
8
5
8
94
98
74
79
46
82
46
74
66
93
92
15
56
48
100
100
49
39
51
6
39
46
61
76
92
26
67
58
46
95
27
47
84
66
6
6
74
14
3
93
67
49
77
66
75
68
0
49
27
74
36
67
53
61
37
25
34
27
54
45
59
57
27
32
83
99
82
78
58
31
21
46
91
20
50
70
60
92
29
72
25
89
19
41
29
43
92
14
59
61
1
17
58
74
15
97
11
19
53
13
34
60
65
47
49
90
88
95
54
5
68
97
17
99
81
1
19
88
10
56
79
67
16
25
16
96
15
89
28
73
66
60
58
56
58
12
84
23
22
69
16
34
97
45
73
53
91
6
2
40
4
14
29
57
93
9
78
10
2
36
30
95
48
98
81
36
32
71
86
64
52
13
27
43
38
66
67
84
75
77
32
46
66
14
14
95
32
98
5
80
71
61
20
27
91
20
88
54
95
32
32
55
68
12
3
75
62
5
49
48
51
89
27
37
91
1
96
86
40
72
40
98
50
36
15
49
86
99
100
5
58
52
97
25
43
91
91
85
24
97
61
7
38
39
63
68
49
12
96
35
42
71
