0
36
18
37
34
38
73
40
61
24
57
62
35
82
17
40
88
100
69
24
62
78
2
51
35
64
97
83
56
75
90
5
55
21
6
57
37
88
24
36
42
21
76
78
25
76
84
41
66
62
95
34
0
3
54
55
96
5
61
14
46
18
78
89
82
63
73
26
83
59
83
16
63
51
29
7
72
60
74
50
41
32
37
57
93
74
71
73
24
27
59
76
17
16
59
57
30
4
91
88
81
7
50
2
18
27
59
32
54
23
23
88
99
25
29
47
80
6
24
13
86
25
17
30
92
95
92
1
47
91
4
21
0
36
54
28
39
42
42
2
59
89
73
5
48
42
46
4
88
6
89
42
8
93
95
93
4
53
95
97
91
85
39
6
86
12
42
12
13
72
76
84
45
96
13
64
98
62
17
72
10
25
15
54
11
87
94
32
56
57
13
2
14
73
71
37
11
45
75
92
33
85
44
79
81
42
62
66
9
22
98
76
40
44
8
22
57
63
31
26
0
67
89
6
58
64
83
17
45
85
75
36
5
79
0
69
87
24
73
73
22
28
39
96
95
62
90
8
83
60
29
76
17
64
76
100
3
23
19
45
14
14
4
73
15
18
68
23
51
50
27
92
13
21
72
0
66
62
13
2
37
98
29
96
83
27
52
68
70
34
69
83
57
23
100
82
65
63
47
89
29
60
75
2
3
41
68
9
91
89
55
63
55
84
11
74
51
44
12
99
20
40
83
13
25
15
64
13
63
67
65
1
85
99
90
61
27
100
42
65
75
78
18
4
31
60
17
55
36
18
0
62
54
32
31
67
16
89
49
89
50
6
28
80
58
56
33
84
92
73
71
77
94
67
3
2
33
89
64
14
93
98
15
14
48
20
99
90
3
55
47
39
77
87
67
67
29
2
95
60
51
48
6
30
32
70
77
57
82
55
40
43
87
64
45
32
70
10
76
1
68
68
88
74
41
96
7
65
70
33
98
77
7
65
55
1
41
50
79
97
82
20
34
11
91
6
29
38
73
65
2
52
41
67
86
84
54
1
83
78
27
53
94
80
64
42
45
43
55
85
32
0
3
11
56
7
29
40
64
82
46
31
72
29
25
56
9
55
68
77
87
53
85
37
2
51
53
3
52
76
45
24
69
26
58
36
92
55
88
1
78
66
5
13
32
83
4
72
25
69
86
12
53
92
89
74
85
14
14
7
31
68
26
3
56
99
22
79
14
25
67
48
75
77
13
87
60
39
74
22
21
92
30
17
92
57
13
88
19
26
56
81
59
9
31
78
61
32
67
80
21
63
65
20
38
30
30
86
3
90
25
49
60
99
91
36
67
66
29
61
0
95
30
54
51
12
69
10
41
18
23
59
3
6
26
23
63
97
9
19
44
97
60
0
40
32
73
50
11
93
29
81
13
90
65
34
58
5
48
1
13
74
60
43
79
40
74
1
45
92
62
0
71
97
38
24
74
1
80
17
16
2
57
62
26
45
25
82
63
8
77
81
30
94
8
95
95
16
25
42
97
68
44
16
66
48
61
21
17
43
22
11
42
7
92
18
2
35
64
67
91
90
26
62
63
7
21
89
54
43
53
67
64
3
17
55
40
83
18
95
97
53
85
68
5
97
23
25
89
87
97
83
2
80
69
73
42
32
54
22
68
37
81
96
52
17
48
31
27
16
47
33
14
40
64
19
28
78
6
88
34
2
62
74
85
52
63
81
93
46
42
56
48
36
43
28
29
91
25
97
47
53
13
50
88
42
21
69
21
40
71
73
98
15
16
15
83
70
16
69
71
12
21
87
79
86
33
64
55
2
32
25
15
67
34
44
76
17
66
13
82
6
54
22
12
14
21
16
17
26
32
86
83
10
33
65
88
70
99
1
100
50
30
13
55
54
42
16
66
15
12
45
99
51
56
85
23
87
18
50
51
32
19
56
44
61
23
97
60
1
41
9
29
55
74
42
52
82
83
55
26
94
62
35
1
85
100
6
19
18
88
75
93
36
26
14
88
79
3
38
37
87
64
63
93
5
9
78
6
78
91
68
89
92
80
35
19
15
67
81
83
61
8
7
16
0
88
89
22
75
8
96
92
29
51
47
65
95
45
72
26
88
6
29
48
53
76
96
94
91
73
44
2
67
39
70
65
65
63
54
82
32
1
6
57
42
28
90
69
59
98
26
74
5
75
53
39
12
21
47
77
68
73
44
18
28
78
74
42
30
63
92
81
84
92
16
81
13
81
28
46
20
24
83
51
46
31
61
72
82
33
21
88
97
75
8
59
30
55
38
85
33
42
4
46
17
27
78
72
7
13
40
100
17
84
61
22
76
23
13
94
2
22
20
76
83
81
27
2
51
53
0
76
37
29
59
55
11
92
78
2
10
40
49
64
50
42
91
99
91
40
31
70
48
42
44
66
68
61
20
39
58
69
20
24
67
4
26
80
0
56
32
44
56
38
16
36
58
53
36
95
18
15
67
81
82
26
75
37
87
56
100
27
87
54
76
23
59
74
27
97
45
82
64
17
44
77
16
1
32
19
99
19
61
43
79
65
93
25
66
92
16
62
69
14
87
42
22
65
99
47
24
22
74
91
40
8
23
10
21
13
91
97
12
40
18
22
18
2
41
8
7
2
1
96
83
20
12
65
53
97
16
72
51
89
37
28
64
79
40
71
63
8
26
9
34
86
56
99
67
20
84
57
95
59
94
60
26
6
53
32
10
94
48
78
56
80
96
1
56
32
96
13
13
89
17
36
92
46
43
89
71
89
100
27
63
15
7
92
76
15
20
17
69
37
50
27
60
64
88
9
18
82
49
39
73
20
35
92
83
81
43
35
81
58
89
35
48
61
13
13
40
89
63
60
57
31
59
51
25
6
67
87
12
16
64
78
80
86
84
92
71
41
57
26
84
39
63
54
77
22
97
24
28
68
91
29
1
64
4
35
93
12
24
33
21
48
51
15
37
82
24
73
52
34
63
93
36
2
44
82
14
52
6
94
30
37
4
5
67
94
100
93
71
40
29
24
80
96
54
10
100
53
99
4
50
46
48
90
85
18
87
22
19
9
66
94
37
77
14
35
60
26
83
14
81
93
16
67
41
98
58
96
18
52
60
44
62
77
25
8
91
50
85
31
70
18
3
25
11
64
27
60
16
65
36
35
94
46
62
41
43
70
94
56
90
45
85
76
55
62
76
91
78
42
63
86
91
16
64
89
74
17
29
82
6
32
17
22
2
5
93
11
71
38
87
100
32
77
9
75
38
27
72
35
45
18
59
76
12
43
87
95
40
61
97
55
11
29
37
51
60
36
23
84
91
93
6
21
4
88
21
73
86
16
59
23
56
55
99
75
59
70
65
29
43
92
2
80
28
20
89
12
17
80
42
88
37
59
31
54
55
59
16
2
15
54
85
1
95
0
93
27
6
68
89
84
54
97
54
44
61
7
26
9
26
34
58
14
39
50
65
100
99
18
17
98
18
72
53
41
8
7
77
67
30
8
50
76
29
42
93
19
74
46
40
56
43
48
22
18
11
96
100
69
23
88
67
57
33
17
85
75
52
77
8
10
29
79
26
58
38
99
69
32
15
28
59
9
78
51
91
91
20
60
17
53
45
40
81
48
34
27
43
7
20
15
88
43
85
82
10
22
6
91
13
39
0
41
61
68
44
5
98
99
3
67
64
83
17
51
48
92
21
15
12
12
6
25
23
48
89
63
28
31
60
47
9
91
74
39
6
20
84
22
8
24
46
1
41
12
84
73
33
2
84
37
52
100
36
64
75
35
39
80
73
52
75
91
85
16
80
7
72
47
35
26
44
54
63
65
92
78
13
39
28
41
50
21
65
37
95
69
40
68
19
21
71
68
26
31
70
72
14
62
41
57
35
53
19
36
41
55
78
19
22
67
18
55
13
69
91
11
86
42
5
88
62
3
20
78
97
1
63
57
89
22
0
78
68
31
73
41
13
87
32
24
57
4
77
35
79
1
8
53
16
93
10
57
16
39
43
37
41
0
43
93
90
23
25
79
12
52
11
84
8
8
71
21
23
45
69
34
17
100
51
64
90
44
19
88
93
13
44
65
15
28
58
81
26
44
52
23
52
36
75
57
12
23
23
12
95
2
72
99
47
60
65
10
81
81
85
80
53
98
15
76
27
47
84
9
51
8
28
1
89
6
13
62
70
82
60
70
64
30
51
50
32
29
85
41
2
61
85
65
79
16
49
36
74
37
67
3
3
60
78
51
1
17
69
79
10
86
60
8
60
18
82
95
31
52
29
35
66
40
6
80
24
28
16
61
84
42
47
82
19
16
36
97
3
44
75
7
12
84
24
10
97
17
30
17
44
7
39
85
91
81
49
26
73
0
31
87
60
82
65
10
27
12
74
18
45
26
66
4
48
0
32
100
68
86
0
45
91
96
70
2
27
3
15
65
14
91
96
41
44
94
0
72
38
22
49
46
70
80
16
9
21
48
88
53
44
4
52
38
71
7
19
77
43
95
32
35
61
68
47
33
96
20
79
