70
76
31
96
95
22
22
6
77
59
11
29
31
53
62
54
75
75
50
11
32
6
64
22
35
78
6
12
0
63
43
81
64
3
43
16
13
81
91
70
44
35
93
2
3
85
90
48
70
87
51
3
62
90
20
12
43
49
22
97
72
8
7
81
97
23
53
14
28
51
23
85
95
19
56
21
27
83
64
54
63
64
79
68
95
10
34
78
56
95
77
34
70
12
53
47
46
56
100
11
24
88
76
74
19
3
88
86
86
77
75
69
1
29
70
4
3
96
46
99
77
66
95
15
20
31
20
3
6
87
74
12
0
65
66
92
76
56
93
90
9
82
66
30
59
59
59
17
95
72
56
59
61
16
20
30
67
5
88
68
92
77
40
81
91
65
61
65
73
77
23
58
62
58
87
46
84
14
94
56
32
15
79
49
72
16
11
46
39
20
11
29
34
77
6
53
33
74
44
9
38
59
11
84
14
13
14
91
85
94
13
81
83
22
85
6
93
66
34
48
50
21
90
99
39
23
94
72
4
22
51
33
45
2
32
95
26
12
40
42
48
93
62
21
95
5
77
10
63
66
47
99
24
78
85
92
62
68
71
57
87
91
53
1
27
54
65
52
4
57
34
35
97
9
41
27
87
23
81
86
4
73
84
16
16
14
33
70
46
10
46
81
11
71
30
1
34
64
22
20
89
76
52
78
94
45
57
8
97
75
74
55
56
97
42
94
63
36
47
11
19
77
44
54
77
72
43
47
63
41
72
40
64
94
39
34
72
65
97
60
1
21
89
13
23
53
42
23
15
52
96
77
43
95
100
56
36
65
52
50
72
71
36
29
1
66
9
7
88
99
0
76
62
55
30
32
68
25
11
26
88
41
2
18
51
89
65
77
74
29
97
9
11
97
92
40
79
60
80
68
93
47
76
77
33
53
89
20
66
94
78
9
100
4
65
98
2
40
1
42
12
43
11
66
29
66
93
62
70
47
69
31
79
19
92
73
36
93
67
86
6
63
59
75
82
90
16
54
44
93
20
35
97
83
28
61
92
22
34
34
20
57
89
11
2
88
39
15
4
95
14
94
5
26
24
36
2
23
71
30
46
19
20
14
86
69
9
4
68
43
14
29
12
43
70
69
49
6
77
45
2
40
67
11
45
10
46
11
60
10
11
93
40
49
6
78
83
51
41
72
25
100
93
45
14
27
17
12
35
100
62
35
14
40
79
45
83
13
74
45
50
66
7
26
13
37
89
55
33
95
81
36
78
79
96
34
19
65
98
87
71
6
47
69
37
87
51
90
63
2
10
39
66
18
79
27
29
31
75
29
58
76
42
75
65
19
95
90
37
12
60
97
35
91
11
72
74
61
37
37
45
36
47
87
77
72
1
19
55
22
34
8
30
72
87
81
24
85
89
7
74
82
33
10
58
67
76
79
44
27
21
0
66
9
14
89
17
7
12
34
71
46
73
33
28
84
89
75
75
42
25
38
59
32
97
50
9
14
20
54
1
32
83
54
60
38
53
19
61
81
87
27
85
89
33
14
75
100
18
55
9
91
82
22
48
77
85
51
68
61
74
15
60
78
96
66
90
91
17
73
45
93
17
46
57
41
22
42
95
40
8
22
28
46
98
89
35
9
35
49
12
60
85
43
72
73
28
82
28
13
32
37
50
65
1
47
27
5
94
68
15
56
55
64
68
24
1
23
39
71
62
36
89
93
26
76
47
25
20
9
75
34
22
19
73
68
91
12
11
63
60
56
37
18
98
87
95
27
49
52
51
30
94
56
41
35
35
3
26
80
9
95
60
78
6
68
39
90
21
52
40
10
99
84
62
15
58
70
81
97
35
38
73
93
68
23
36
76
49
98
18
65
0
79
60
40
98
85
46
71
28
0
25
92
2
86
82
52
29
53
14
18
40
68
66
67
13
7
10
48
10
92
50
89
55
99
46
81
92
40
27
52
100
32
44
65
91
61
95
38
68
61
71
34
27
68
18
94
99
35
8
43
74
5
69
57
48
50
62
28
60
71
22
7
10
36
15
34
3
36
25
57
93
41
53
34
30
96
23
10
7
43
27
100
57
70
8
61
36
60
56
87
64
86
13
16
34
29
59
22
73
2
48
88
58
90
42
34
35
2
39
65
38
76
96
44
88
41
14
7
72
65
37
41
14
59
79
23
40
31
69
5
97
23
23
64
37
25
71
46
15
36
82
36
99
54
52
31
6
25
32
38
42
80
98
62
59
16
78
86
78
62
92
39
100
63
25
73
10
23
38
72
80
35
86
32
26
84
9
97
18
74
82
42
35
46
48
88
62
83
31
22
0
54
33
3
23
23
29
71
13
94
74
14
72
49
35
35
97
32
75
73
78
81
73
46
81
89
49
91
26
77
38
46
93
18
20
19
99
98
42
58
10
2
27
72
69
40
30
52
22
0
57
16
77
16
58
44
76
46
60
13
48
75
42
95
91
39
2
41
35
50
78
16
68
35
39
9
31
55
4
67
45
0
9
13
65
85
74
60
15
78
92
41
37
6
5
47
64
63
51
74
45
22
13
63
45
36
32
11
80
45
44
86
16
76
78
29
32
65
62
62
25
79
97
85
71
18
46
0
51
62
82
78
98
82
92
37
55
78
99
22
52
81
87
30
78
68
35
68
71
22
29
42
52
44
88
89
18
8
36
50
53
7
13
87
31
20
20
60
12
74
35
66
42
15
57
76
70
64
12
45
18
1
40
55
35
11
25
66
13
93
3
49
79
68
55
59
77
6
66
98
1
6
44
82
12
70
0
3
48
25
99
3
82
72
17
6
55
64
42
64
84
65
9
56
99
6
23
98
57
56
67
87
33
82
79
39
96
23
92
83
53
100
73
39
12
37
53
19
23
96
31
93
4
100
37
15
69
59
34
46
48
88
40
48
18
5
93
25
21
13
77
22
52
85
26
95
92
97
6
26
98
32
96
76
59
81
66
46
62
29
60
28
5
58
92
45
73
23
29
39
97
90
80
46
77
30
24
70
45
92
82
40
45
45
3
8
63
29
25
36
81
90
5
56
100
33
92
67
7
82
97
59
58
40
81
72
24
13
60
9
10
63
82
91
80
87
48
68
87
69
74
50
22
82
67
81
70
46
71
56
60
7
4
0
49
67
3
50
45
75
92
18
93
15
4
83
21
58
75
74
4
60
93
11
11
81
30
58
5
92
49
54
14
51
81
91
26
34
68
34
65
61
55
13
85
86
57
54
45
15
67
99
70
63
3
71
17
98
62
45
73
85
55
20
44
73
27
67
49
53
72
36
18
43
79
20
4
28
77
97
98
97
20
67
2
43
40
42
3
35
7
67
25
89
26
39
91
46
35
52
46
40
82
43
93
19
65
40
81
96
40
45
98
59
56
83
70
83
73
78
75
18
26
79
48
63
9
72
43
71
81
61
68
24
71
14
84
10
26
48
36
31
87
48
74
44
49
54
70
96
27
94
0
59
60
21
1
2
79
38
46
23
84
38
50
13
23
1
76
36
35
67
73
68
67
71
6
29
78
88
30
52
11
94
0
35
34
81
36
19
58
8
43
69
4
24
99
40
78
39
99
24
9
11
89
65
9
51
15
30
45
72
74
19
68
19
8
41
14
22
5
35
45
2
59
45
15
18
35
67
16
42
13
57
29
18
39
75
27
77
61
25
68
53
21
88
32
76
31
51
78
79
19
75
54
94
51
88
43
12
64
52
63
74
73
85
18
8
10
5
16
71
10
94
51
69
79
99
92
73
14
81
71
35
38
20
49
40
91
98
96
83
75
99
9
67
95
56
95
55
12
14
50
42
66
59
36
67
53
2
78
10
71
93
77
24
88
78
57
21
34
23
26
10
70
63
82
18
84
39
74
88
14
2
48
44
70
18
45
63
80
22
69
21
19
41
75
99
31
51
29
52
82
31
63
27
4
25
88
89
25
87
24
30
27
49
36
98
98
74
2
77
11
23
63
31
63
15
8
88
24
26
78
79
41
45
100
9
44
3
93
48
1
30
76
83
56
79
41
34
13
3
73
75
41
51
42
83
3
47
21
76
26
3
97
88
9
47
29
77
44
8
80
70
13
7
56
27
27
7
28
28
35
59
88
45
57
53
83
43
39
34
27
31
52
33
26
48
97
86
90
96
66
80
15
17
81
4
43
13
82
6
71
29
32
96
95
63
44
98
73
69
37
29
65
67
5
99
21
17
43
40
14
46
72
2
45
9
53
26
72
43
7
65
3
60
73
65
64
94
15
39
44
94
75
63
5
31
34
93
32
75
60
94
69
2
20
4
44
1
97
45
23
38
63
7
48
74
11
87
74
94
88
59
30
1
20
5
66
95
78
3
8
49
50
2
49
82
77
49
81
12
98
19
43
97
3
16
34
68
98
53
20
21
55
73
48
54
83
60
96
17
95
22
37
15
97
93
45
73
1
94
88
100
90
19
29
6
82
67
9
40
6
23
54
56
0
75
35
49
76
88
100
55
18
78
37
10
9
97
64
69
9
34
74
31
27
15
27
23
94
42
19
28
18
60
7
98
78
78
56
37
47
68
17
74
94
54
91
36
21
81
68
23
50
63
68
16
16
72
91
33
31
82
26
74
55
6
51
48
61
17
67
67
16
69
32
88
99
56
99
3
45
58
23
31
31
90
89
2
44
8
61
98
90
47
33
48
34
79
90
33
99
89
97
14
28
30
0
78
60
52
63
25
65
87
4
36
36
12
57
11
53
54
86
40
95
95
80
99
50
38
2
25
99
80
46
27
35
90
3
45
86
87
55
45
30
99
69
55
14
53
35
7
89
44
3
74
75
42
51
88
76
68
49
46
89
10
7
33
34
91
94
77
14
68
10
63
13
10
76
31
94
4
16
93
70
47
12
22
83
46
90
45
37
20
78
89
14
30
22
6
59
2
85
6
52
99
42
91
29
2
69
58
32
74
67
92
90
39
4
22
57
47
91
23
15
33
21
2
50
34
19
81
89
40
75
15
38
44
70
65
10
55
26
35
95
92
64
41
78
76
11
40
14
66
45
23
42
38
64
67
93
91
41
14
3
34
14
30
71
94
60
70
73
89
11
43
58
50
84
79
21
35
45
33
44
6
44
10
22
89
41
20
0
86
60
23
33
62
25
15
90
11
68
34
73
66
39
81
52
58
91
89
45
90
98
37
79
26
39
21
39
57
58
98
51
71
39
2
8
12
71
6
36
43
3
5
20
55
35
65
86
56
10
4
85
7
8
34
62
5
59
27
81
56
40
95
15
81
56
73
53
98
99
46
17
56
65
13
31
95
82
47
29
58
16
5
14
17
24
93
31
83
32
48
75
98
96
36
92
24
50
39
26
81
19
53
82
61
21
38
37
77
12
78
49
12
84
55
94
9
37
91
34
27
15
69
67
95
15
17
81
26
75
10
48
88
24
31
16
37
78
28
94
69
24
68
47
28
89
7
20
53
90
9
10
73
50
94
86
37
42
73
83
85
100
9
13
83
63
56
71
13
59
34
68
13
47
82
8
23
39
0
67
16
72
42
49
68
29
31
55
94
9
48
46
78
18
14
98
33
37
60
2
34
7
37
54
40
62
14
51
3
76
8
18
0
62
32
15
81
98
100
15
73
78
75
38
21
48
58
71
54
9
28
19
74
77
92
17
71
39
35
32
54
36
96
99
8
8
99
28
47
77
83
25
73
17
55
98
3
97
27
14
0
71
92
58
36
53
68
45
70
48
86
79
75
51
61
21
49
41
89
71
53
4
19
43
82
37
1
9
70
64
93
10
80
9
78
73
24
93
37
57
63
7
52
32
19
12
45
30
6
11
44
66
9
27
79
35
0
42
5
79
96
30
27
63
74
52
41
19
86
32
5
30
56
40
12
99
84
19
18
46
27
29
53
79
59
48
44
37
11
87
22
48
73
99
23
7
12
90
79
47
25
97
38
97
66
89
24
16
44
41
45
99
33
67
9
34
46
33
27
22
74
15
87
79
89
55
95
48
50
67
71
24
44
21
11
93
42
73
43
83
74
32
31
68
90
93
87
66
43
74
88
81
11
92
14
62
48
97
54
86
53
35
91
41
18
26
98
33
55
97
85
91
48
19
79
11
98
23
91
0
32
100
96
62
2
25
0
68
84
22
58
17
82
40
98
34
12
10
44
4
45
82
54
86
49
84
87
80
82
32
92
83
29
97
93
21
52
59
71
42
58
53
23
3
58
47
25
79
43
56
86
61
60
23
22
87
51
46
24
61
3
8
29
90
79
57
15
63
45
29
66
95
7
78
92
89
37
32
13
91
98
18
65
68
84
86
51
34
10
1
68
73
50
36
100
34
61
92
90
23
14
69
96
93
61
93
80
46
68
13
65
24
63
21
11
85
85
23
6
61
79
50
19
83
97
9
5
8
69
53
67
21
85
75
59
22
61
27
61
37
35
44
24
68
11
71
55
48
99
55
12
12
51
38
90
88
85
66
78
83
83
93
9
96
37
92
76
76
27
2
28
15
26
14
62
74
64
10
25
36
46
94
11
86
35
2
67
4
51
100
34
87
56
71
4
17
46
8
8
10
7
76
4
80
49
46
6
17
62
28
64
70
77
98
56
56
39
86
81
83
34
59
1
92
59
2
37
60
97
82
64
76
85
62
31
87
27
38
21
71
23
62
94
88
98
76
86
17
99
0
77
16
73
13
11
24
100
36
66
1
95
23
96
62
67
12
56
81
17
46
94
94
73
66
19
43
33
53
8
55
65
46
76
11
0
85
72
94
80
2
45
77
92
