39
53
83
67
18
82
8
49
81
4
7
51
40
64
14
29
4
83
26
87
100
39
20
28
19
43
23
34
44
89
57
27
54
20
29
53
97
35
97
93
19
39
94
37
20
90
38
87
33
1
13
52
33
15
85
89
11
72
74
65
55
50
20
10
97
14
42
52
31
7
66
42
30
14
89
52
10
8
11
5
80
86
49
80
46
8
58
11
9
13
75
94
93
50
100
80
12
25
34
72
33
99
97
34
10
73
30
41
95
79
10
19
88
51
29
24
13
95
7
87
37
29
24
9
44
35
10
78
64
73
65
0
21
32
90
25
91
20
90
32
58
100
62
89
53
60
45
41
15
44
59
31
78
30
13
77
87
44
21
41
56
73
37
27
36
10
74
92
22
52
16
32
92
70
84
17
46
49
76
31
100
78
85
80
64
46
36
34
57
27
80
79
48
95
75
26
44
75
78
41
5
48
53
25
17
44
71
84
15
87
30
9
71
98
45
42
38
73
57
57
65
88
6
39
89
93
9
30
40
52
63
54
61
71
20
93
26
43
17
29
96
56
25
51
97
75
87
33
16
17
91
72
56
16
33
12
36
2
82
60
20
67
13
75
68
86
44
32
86
71
29
24
67
19
3
69
22
76
69
91
3
10
7
73
75
21
51
0
43
97
69
70
5
96
46
80
82
62
13
51
23
34
24
54
7
90
50
32
96
61
40
75
4
58
98
58
35
9
12
54
6
17
42
54
71
36
93
74
43
7
54
71
30
33
44
16
16
9
43
3
32
4
37
50
14
47
89
89
53
25
69
23
76
93
64
78
2
13
51
57
3
93
55
22
83
71
30
58
32
45
3
37
54
87
37
78
56
64
44
34
58
61
32
21
96
54
27
0
97
79
10
49
53
99
37
87
89
66
79
73
15
66
69
78
55
67
10
67
44
7
88
99
27
36
27
8
80
97
16
57
39
19
53
1
87
93
58
40
32
64
22
10
61
93
5
85
21
5
6
99
82
83
5
57
97
86
68
86
26
38
15
18
12
43
30
93
44
88
39
72
69
25
81
1
38
45
79
94
3
90
63
90
28
11
78
10
54
11
61
96
72
87
46
29
73
38
51
61
76
18
96
51
87
26
82
59
96
27
57
7
94
83
40
74
85
28
0
19
89
57
64
34
76
71
66
2
18
16
78
65
31
30
86
73
23
59
21
66
49
80
9
53
60
37
24
25
3
64
64
7
85
82
71
33
68
9
40
16
14
56
42
44
6
84
40
69
69
28
33
49
9
90
42
34
34
87
88
83
52
52
46
100
20
81
21
21
57
22
49
45
52
69
85
75
3
42
70
93
90
47
63
36
96
33
58
93
83
17
44
53
62
86
4
91
88
38
59
15
8
40
14
94
26
32
65
43
15
21
87
46
85
57
10
59
70
6
15
87
19
67
89
48
61
14
95
11
38
88
19
81
37
56
74
11
3
28
88
55
66
66
28
6
31
20
7
26
13
85
77
77
32
64
72
37
1
4
3
41
98
99
94
15
67
9
79
9
93
14
46
8
68
56
57
36
43
4
96
99
50
79
99
67
92
44
2
85
89
5
95
50
86
65
61
79
98
33
55
36
53
4
96
76
68
84
52
38
35
73
1
5
35
11
73
1
80
35
40
41
77
92
6
12
73
43
70
39
44
6
78
56
62
25
11
79
67
56
44
75
17
85
64
36
32
11
57
77
33
66
99
98
66
54
18
42
31
26
0
26
29
10
33
66
91
54
78
86
72
44
62
60
71
50
92
1
71
15
96
23
79
75
53
40
63
1
55
42
53
19
52
83
12
8
84
79
14
74
52
28
79
12
37
61
18
12
1
86
59
40
18
71
19
56
26
25
2
96
41
97
40
17
41
29
17
18
24
93
32
85
15
34
38
50
80
21
62
77
3
92
32
39
2
39
89
58
65
99
43
45
45
3
71
39
43
80
6
33
83
14
96
55
20
74
23
35
91
36
72
26
16
70
78
30
14
82
20
94
12
67
13
98
48
77
49
53
96
7
28
97
4
33
62
76
82
67
78
27
24
47
50
37
30
79
73
72
17
42
21
54
35
45
78
76
18
27
96
17
92
18
11
55
87
55
19
42
28
9
17
22
53
72
69
15
20
8
7
15
67
73
70
1
0
87
90
53
91
53
13
22
86
90
82
55
59
42
6
64
8
2
3
23
11
97
11
72
64
52
42
98
73
12
28
36
52
87
99
51
66
10
53
37
75
93
33
55
92
66
13
55
97
80
17
46
88
47
2
63
85
6
8
89
3
73
77
37
24
69
41
16
12
14
58
1
18
43
76
54
51
93
14
47
30
72
90
49
5
38
65
50
22
88
80
84
40
97
22
95
12
67
17
39
15
33
87
60
34
41
50
47
2
2
34
44
93
3
17
12
66
38
44
31
35
51
57
22
33
28
35
11
89
87
70
53
29
19
66
9
14
15
96
11
45
34
22
79
57
35
55
33
72
90
10
17
87
38
42
41
65
70
86
75
38
71
55
50
98
23
78
1
62
92
67
53
11
79
93
90
53
87
72
82
58
24
26
45
38
74
84
20
21
66
6
19
28
40
48
4
86
22
36
34
28
96
40
92
99
37
83
18
77
56
88
24
49
1
44
45
46
90
30
6
92
0
54
41
5
59
12
60
84
74
96
2
57
82
34
72
9
39
15
37
0
45
30
6
34
89
72
11
60
36
48
16
85
100
19
45
27
29
16
53
44
73
16
84
10
33
30
55
58
59
67
55
18
53
54
46
22
68
18
56
43
50
80
58
37
32
33
55
3
75
84
89
95
19
37
100
31
56
52
8
77
1
75
21
11
53
39
3
41
36
46
1
4
84
51
16
32
23
47
17
11
75
83
72
38
22
16
37
17
65
19
2
21
26
29
49
29
43
84
22
30
22
49
91
26
10
45
66
26
38
61
87
34
63
59
82
87
86
29
84
25
47
39
37
49
67
71
90
74
48
75
90
74
29
96
36
16
97
44
44
68
27
35
47
36
51
64
58
84
16
23
86
53
53
42
27
45
8
37
87
2
53
24
56
45
19
32
87
25
33
17
31
26
94
84
40
3
2
23
13
41
91
20
96
8
39
20
54
23
15
36
11
39
50
66
0
71
46
43
88
59
14
87
36
76
90
56
61
96
13
55
34
15
61
78
17
84
90
88
8
16
51
96
95
41
64
73
95
18
4
38
93
85
34
93
55
73
71
51
13
16
89
16
93
5
75
40
68
48
65
66
87
80
10
50
19
55
87
25
35
52
30
11
8
9
80
6
57
59
76
33
1
63
93
44
92
90
58
63
36
55
59
82
33
90
32
64
33
84
67
3
60
100
94
59
65
81
84
24
63
42
83
11
77
27
5
44
48
21
52
32
48
6
63
48
45
6
20
36
37
69
4
54
58
29
32
0
71
96
77
73
39
11
46
32
26
100
90
9
55
100
69
93
18
55
44
52
97
90
15
54
42
23
60
5
81
76
35
42
79
37
77
98
51
47
98
95
56
22
83
90
83
25
5
72
66
84
61
90
93
86
80
76
2
85
40
17
3
22
65
16
41
79
4
89
58
36
38
60
64
29
53
87
2
15
19
35
61
85
36
11
11
71
23
28
5
30
77
66
37
80
81
5
94
73
81
97
37
40
24
93
43
73
39
25
12
71
67
11
58
95
23
82
69
10
51
35
23
46
26
52
90
89
88
25
46
1
6
22
97
82
98
70
14
18
96
94
52
25
40
50
61
74
16
24
49
33
78
44
8
62
39
100
0
18
97
58
51
16
86
41
60
80
37
83
96
100
68
11
12
40
59
28
54
78
9
30
55
18
71
57
9
81
96
10
12
70
26
86
96
27
47
18
39
58
2
89
53
27
64
54
96
61
81
7
2
31
24
14
12
47
93
29
50
41
45
48
43
57
62
31
58
4
50
62
72
13
60
81
17
7
23
84
71
47
68
97
1
88
54
37
97
4
33
17
98
82
30
51
51
62
6
36
31
10
17
90
76
64
34
92
7
100
87
1
44
35
35
93
68
74
39
74
89
9
69
60
76
84
42
17
8
99
27
31
46
83
62
91
76
68
36
46
79
32
27
16
61
27
48
98
87
62
98
81
1
9
14
93
82
9
94
48
61
18
35
46
82
74
61
66
66
76
45
57
29
55
51
37
97
7
86
68
56
73
97
42
38
16
32
96
37
18
63
64
54
36
92
35
34
13
73
59
29
73
38
71
46
9
16
88
32
65
36
59
88
85
6
97
65
89
68
34
20
47
51
3
50
93
41
10
6
8
5
8
26
100
18
43
0
18
47
5
23
99
80
31
49
43
28
13
73
70
24
21
8
70
18
95
26
53
82
40
72
83
57
36
38
87
65
25
52
76
93
8
59
31
72
8
94
87
57
73
84
53
85
29
84
51
76
89
36
20
77
94
82
72
69
99
59
37
85
61
41
82
25
0
69
19
86
56
25
85
19
36
33
92
67
34
67
86
50
1
44
0
0
17
30
96
11
96
51
37
42
96
88
17
17
8
12
63
9
52
19
95
76
52
21
90
25
72
67
22
71
8
96
78
31
89
95
63
70
17
67
55
45
14
10
23
93
46
75
14
66
44
91
59
26
70
27
5
24
6
77
19
68
77
13
63
89
95
9
36
12
77
11
45
40
24
51
98
39
72
8
6
63
3
98
38
58
59
18
78
6
80
31
39
54
54
34
41
44
81
6
59
28
50
25
50
17
81
7
90
95
84
53
50
44
73
55
44
23
71
76
18
64
61
4
60
90
42
22
16
100
40
66
69
59
90
45
33
84
28
68
88
1
29
19
89
65
58
96
31
69
44
60
36
19
22
74
56
77
24
74
20
73
45
9
43
52
41
77
98
19
60
81
41
53
100
33
78
91
39
12
4
84
80
100
7
23
47
14
40
90
10
12
8
43
35
92
94
100
7
97
72
69
66
58
1
86
14
21
98
6
31
48
51
26
22
87
96
10
39
64
1
29
15
47
37
2
97
48
46
71
20
47
72
15
52
27
24
10
33
70
25
46
3
3
52
64
72
88
21
29
89
58
84
92
29
22
72
2
97
89
81
35
97
27
25
63
38
92
18
21
13
60
48
12
94
96
18
86
18
35
81
18
97
84
81
9
14
13
0
38
96
26
1
3
50
40
64
44
75
44
11
79
50
58
62
73
93
18
14
14
18
52
7
80
13
37
85
9
77
44
80
82
80
28
12
94
81
91
74
72
55
38
23
32
57
47
10
39
97
76
34
75
47
86
24
80
55
40
6
9
26
0
48
93
23
94
31
40
41
5
49
32
3
58
61
42
20
99
7
34
55
6
50
79
1
46
3
69
82
89
99
1
58
2
19
99
95
68
6
92
87
6
86
87
33
79
66
87
58
47
75
28
93
67
17
36
15
94
68
54
58
18
100
2
90
13
62
81
80
85
48
52
36
39
14
72
66
18
85
21
21
4
39
43
22
11
32
22
78
0
24
7
29
11
45
88
68
25
43
75
67
85
84
82
15
100
52
11
33
19
50
65
98
80
97
91
49
22
76
44
90
28
7
90
35
5
77
51
33
6
67
43
39
95
14
62
34
24
7
32
83
35
96
72
98
86
80
35
33
70
2
75
79
43
41
35
86
9
21
12
48
88
98
67
14
7
74
6
81
72
32
57
25
80
34
94
77
19
79
73
30
50
83
43
21
14
17
2
32
39
33
38
55
62
4
75
30
68
21
63
28
85
59
63
45
9
35
62
31
85
43
95
28
96
80
1
49
29
85
32
60
98
64
29
14
63
51
81
77
16
26
27
28
97
23
96
12
15
83
42
87
86
94
60
82
34
69
78
64
1
42
68
83
99
78
66
15
0
62
24
85
55
80
65
77
4
65
27
58
75
70
10
17
4
50
26
44
44
67
67
74
12
61
3
73
61
50
59
22
12
81
0
3
49
33
15
83
37
19
47
96
71
66
36
74
96
32
20
29
56
7
6
5
36
14
91
89
10
2
42
99
4
49
87
39
29
32
34
97
57
5
59
40
11
31
63
97
47
92
6
57
81
85
40
3
43
13
0
72
89
85
99
6
82
25
61
37
44
26
17
26
20
14
11
30
17
88
7
0
25
56
13
34
19
4
92
36
21
84
71
29
54
42
23
87
55
21
73
49
89
64
75
22
31
4
13
14
3
17
33
9
68
92
60
43
19
38
34
46
87
57
48
1
89
80
53
14
38
76
4
84
0
70
86
81
59
66
38
75
25
11
20
77
52
61
90
4
23
28
52
37
38
47
27
16
82
79
20
84
99
85
38
94
8
47
44
22
26
75
57
89
35
87
77
17
30
19
8
15
10
47
36
54
85
60
15
74
54
100
73
83
1
84
96
58
44
13
32
19
64
13
41
67
27
82
19
61
85
10
51
17
33
48
57
2
34
48
72
3
91
79
47
42
84
39
36
46
86
57
10
65
0
25
42
32
17
95
94
38
99
68
15
41
47
7
87
43
23
32
59
45
18
48
79
91
51
58
94
37
68
36
83
49
7
12
91
68
76
2
17
21
8
17
10
33
14
88
67
70
50
44
3
12
65
46
67
29
86
74
10
47
85
10
47
39
21
88
53
20
10
2
55
5
92
5
76
56
68
97
91
47
35
46
10
32
92
14
80
39
74
95
76
30
77
17
42
40
45
89
13
77
86
11
53
9
28
69
38
90
93
0
16
97
18
74
31
53
84
98
10
28
34
18
20
8
11
8
73
25
96
80
100
86
17
86
24
77
93
100
19
63
14
10
58
11
75
40
78
63
10
17
17
11
81
65
75
75
44
39
44
48
96
20
38
80
76
3
38
37
5
90
60
29
69
7
49
71
54
58
15
65
7
76
60
80
70
15
0
34
53
44
51
51
96
12
13
99
56
99
55
35
84
25
11
23
73
16
100
59
18
71
84
27
58
43
65
41
89
81
50
57
65
39
63
51
22
28
25
49
51
56
18
72
20
37
46
81
48
58
54
27
14
75
40
8
82
84
26
32
17
0
19
48
87
74
41
7
6
43
75
90
49
93
92
59
28
6
89
93
38
29
100
21
41
33
80
71
31
98
97
57
54
60
48
39
18
34
1
62
97
50
74
4
2
50
84
36
32
72
11
72
59
28
63
50
9
70
36
49
12
43
0
88
75
36
30
10
41
43
59
100
6
59
35
37
52
89
72
9
55
38
84
76
98
36
92
84
17
75
98
1
60
25
44
63
8
0
92
35
7
43
28
1
94
4
77
75
76
72
56
56
29
45
36
46
20
100
59
54
13
53
46
49
15
90
10
51
59
31
68
66
17
89
28
24
72
5
90
62
84
73
7
68
61
97
47
20
71
23
0
72
18
46
10
63
57
35
98
97
1
6
16
12
27
65
86
90
66
33
36
63
80
9
8
29
26
46
64
30
65
2
29
62
36
73
23
52
32
73
14
22
0
82
88
2
81
67
46
9
66
30
59
35
56
70
82
36
43
50
15
79
75
39
85
5
68
59
2
14
27
90
94
79
38
16
91
25
12
67
21
16
35
52
11
3
59
2
67
63
68
10
4
88
46
49
100
2
62
5
99
41
62
33
44
30
68
69
81
26
99
74
48
71
39
18
14
95
99
79
15
23
93
27
7
43
30
47
98
25
4
29
94
82
82
48
14
70
31
96
44
1
39
8
48
28
45
48
55
70
92
49
4
80
40
46
11
44
78
92
64
4
28
16
33
26
62
88
34
4
86
36
48
27
22
32
65
97
40
55
51
66
92
59
19
56
60
44
5
59
54
63
62
68
51
34
59
25
27
37
48
91
5
15
71
41
56
18
91
86
89
72
74
38
71
95
50
16
45
93
40
3
49
75
57
41
93
4
38
29
36
14
27
100
96
39
70
68
42
52
29
73
81
66
67
64
15
69
41
86
6
41
55
88
52
28
12
74
44
93
42
6
5
37
20
76
14
21
91
49
95
0
95
6
29
78
55
42
81
38
57
70
61
29
17
54
22
13
3
34
92
5
94
73
48
40
6
26
51
61
18
92
42
24
83
27
69
28
46
9
26
60
79
74
63
12
14
23
35
49
50
59
70
4
53
12
65
7
24
92
30
59
83
83
46
31
21
48
94
26
67
36
100
8
86
71
63
42
94
26
59
89
26
86
88
11
74
39
60
52
80
28
92
72
62
100
31
91
15
50
69
38
22
31
57
80
70
37
6
73
74
2
96
18
60
64
64
64
92
44
51
32
54
11
41
14
62
67
88
74
57
99
84
96
28
9
92
72
54
44
26
78
20
91
47
95
79
52
42
24
8
10
67
74
15
82
64
26
66
75
53
19
11
76
67
10
76
81
16
46
97
12
58
6
27
82
100
58
11
28
42
76
4
25
22
55
36
34
50
60
3
48
90
14
59
43
44
99
34
25
74
28
99
62
13
78
41
4
9
29
51
14
67
20
56
29
82
73
41
73
26
86
26
73
90
36
34
45
98
57
38
82
28
33
18
47
21
27
64
2
78
2
80
23
36
65
34
24
81
79
84
55
86
72
75
83
37
10
30
42
51
91
85
78
63
7
75
28
77
96
20
44
80
31
16
59
97
96
89
18
45
84
94
51
78
42
23
35
59
78
78
41
89
32
46
98
90
34
6
0
99
9
3
39
11
21
26
22
84
5
81
4
17
6
45
1
50
21
41
15
37
31
69
4
56
44
19
68
61
67
87
93
94
77
3
93
80
34
62
27
45
33
50
58
71
78
93
21
48
92
12
98
31
84
35
9
17
49
89
23
84
89
13
80
8
67
5
76
95
85
70
74
33
78
0
74
40
91
60
82
31
50
58
29
2
55
86
43
7
18
40
42
31
22
86
33
75
77
88
34
98
60
24
97
76
47
35
38
8
46
28
44
81
29
17
49
53
14
20
97
83
9
76
38
5
54
32
80
88
16
86
79
85
32
20
87
4
100
55
21
12
40
85
35
54
6
63
33
32
34
31
57
73
58
88
40
81
55
85
26
45
27
6
30
92
86
32
