59
98
64
18
69
73
56
93
21
74
45
3
39
37
4
95
25
9
65
64
48
18
75
30
83
61
55
93
87
81
6
28
42
21
51
25
6
95
55
52
5
42
28
44
96
2
66
80
7
13
17
92
23
19
88
39
24
92
41
62
80
21
7
74
92
78
94
22
35
19
58
12
33
66
49
50
94
15
43
15
88
54
9
33
61
91
24
82
41
65
30
46
64
65
26
28
55
87
46
25
44
60
5
64
18
46
21
52
29
71
78
52
25
31
75
24
99
92
32
3
42
45
70
70
38
54
92
33
78
18
78
0
4
47
71
32
80
87
2
75
48
11
84
8
3
1
26
31
39
32
96
62
72
75
78
34
80
90
85
32
56
31
31
90
42
38
8
58
40
1
100
65
43
87
69
3
99
48
44
38
8
21
86
28
29
19
75
31
56
60
84
31
39
51
27
15
79
35
90
75
35
11
74
9
46
28
82
21
12
42
50
18
99
35
62
62
34
9
10
3
99
70
4
41
39
81
72
83
40
16
3
16
71
33
33
55
30
31
66
19
8
80
8
95
72
32
13
44
53
67
27
8
10
31
62
47
32
13
31
21
100
84
57
23
70
88
50
28
4
90
84
100
37
77
11
18
99
29
63
52
75
98
46
38
97
81
84
90
79
69
67
10
64
3
41
59
50
55
91
77
96
39
34
86
47
51
40
37
53
39
80
37
39
7
23
17
33
71
19
10
75
24
22
21
83
34
47
39
77
23
26
70
75
42
10
16
79
59
73
34
9
72
18
70
99
56
93
20
47
69
43
32
7
91
65
87
85
98
80
24
25
92
13
63
17
60
48
92
100
81
37
49
22
59
81
7
26
28
15
18
58
72
79
3
81
39
76
82
6
48
74
77
88
83
98
61
54
2
94
9
35
71
33
1
63
56
6
78
44
34
84
91
62
95
11
98
97
4
71
89
1
75
74
36
33
12
87
69
86
96
35
69
95
15
89
84
87
68
75
76
1
15
41
81
15
46
94
15
29
56
36
49
29
18
35
8
59
63
55
94
59
52
88
8
59
50
55
65
11
89
27
34
12
26
84
19
20
27
31
44
6
29
98
89
11
57
61
54
43
26
3
5
96
29
31
91
100
54
28
63
